CER : 1.6613395161290325
WER : 19.35483870967742
