CER : 25.153899193548376
WER : 79.03225806451613
