CER : 1.6197209677419355
WER : 23.387096774193548
