CER : 8.696281082802564
WER : 53.82165605095541
