CER : 3.8346660509554167
WER : 29.872611464968152
