CER : 1.9583508917197459
WER : 15.668789808917197
