CER : 2.6180814649681565
WER : 18.598726114649683
